1000
50 147
302 477
614 620
929 186
70 551
4 22
201 52
802 65
76 178
416 509
365 248
472 1
938 473
639 940
94 189
789 642
28 51
227 44
974 861
578 330
285 182
782 687
604 686
81 4
891 67
677 293
216 453
967 169
124 649
66 73
231 240
738 704
50 433
303 69
288 561
554 731
111 14
204 109
17 26
223 212
264 282
143 146
121 160
459 342
55 33
67 324
21 110
40 24
51 610
638 558
272 760
79 93
526 258
885 853
110 362
569 103
115 111
327 321
902 150
260 108
525 370
45 320
294 772
970 492
763 103
332 379
461 812
308 377
169 121
86 390
23 61
281 664
416 700
187 60
36 15
91 622
385 715
23 70
755 816
151 824
936 139
630 708
618 713
404 764
800 698
179 591
135 317
128 302
659 807
310 142
815 399
981 673
162 427
920 384
560 886
113 565
656 364
109 627
162 366
87 116
605 990
431 690
62 22
132 294
299 97
185 191
855 346
610 743
145 897
34 20
849 637
407 502
111 852
321 284
96 602
86 516
523 963
126 75
511 588
503 195
495 913
825 568
150 82
336 340
237 146
48 53
635 63
83 9
290 596
138 504
808 295
182 100
952 718
59 598
704 331
580 893
539 462
948 162
265 549
626 178
94 18
96 92
108 982
546 806
625 331
67 127
729 378
52 186
368 736
178 519
722 215
79 43
119 698
350 439
90 507
872 491
945 371
932 495
267 272
450 251
449 746
5 13
561 654
410 566
59 51
912 89
675 258
17 790
445 798
422 406
51 401
141 14
161 141
131 445
987 736
287 250
826 779
106 378
316 264
185 421
672 314
534 834
980 824
48 481
393 479
830 771
930 549
827 350
866 871
590 177
989 631
6 27
630 193
632 252
469 756
314 280
539 846
642 916
73 101
780 152
417 748
14 490
140 894
348 16
821 346
446 522
927 781
348 839
330 34
172 311
15 67
627 706
245 163
910 641
322 971
608 404
442 215
546 965
13 130
93 331
114 78
491 725
640 555
961 507
198 488
616 390
341 474
777 212
150 264
5 279
337 373
817 36
410 289
84 387
864 237
82 207
673 679
19 3
68 188
148 37
392 831
143 265
499 94
28 222
121 313
305 535
26 32
136 73
579 147
667 415
75 8
387 658
515 426
198 60
687 135
70 78
268 75
645 270
158 273
447 295
56 883
46 120
778 106
250 684
85 701
234 78
85 462
217 322
69 174
177 850
95 128
361 483
10 24
165 339
99 158
11 261
533 355
405 59
367 153
601 488
263 306
522 923
386 554
173 69
443 680
727 20
90 50
402 498
707 470
879 501
27 429
395 47
853 409
175 397
462 520
401 510
443 785
735 41
485 30
966 3
924 41
57 359
179 150
685 761
77 396
140 90
647 588
58 51
214 231
94 193
1 76
451 577
37 597
355 96
38 104
540 125
209 139
364 939
40 42
477 699
43 555
556 72
162 101
99 69
711 661
436 259
121 289
253 151
225 304
168 438
51 71
491 375
61 68
484 585
281 191
2 275
157 232
257 32
435 30
795 517
163 76
908 633
201 328
13 52
481 1000
325 363
110 305
133 476
92 941
504 531
3 1
906 383
108 88
25 41
159 122
192 160
266 92
190 911
822 697
998 196
327 451
465 559
93 747
689 341
652 843
332 223
811 275
38 220
472 905
562 166
900 458
189 235
705 781
218 353
74 65
1 840
33 11
600 265
460 110
172 978
512 328
25 43
641 622
250 292
95 57
820 639
210 229
466 423
861 593
493 394
384 180
37 13
24 35
433 753
406 669
410 542
402 31
796 8
76 581
162 814
732 684
716 882
56 309
797 439
354 58
603 169
446 4
550 199
565 586
766 28
573 148
112 29
87 91
25 296
71 946
159 341
14 15
288 803
495 468
575 477
768 984
591 618
769 166
286 942
7 14
361 181
18 1
307 219
444 198
582 352
285 593
605 531
283 39
469 918
1 5
347 652
701 949
104 693
619 90
613 229
66 979
780 809
728 371
21 131
466 898
91 878
25 219
63 149
190 288
754 99
30 333
478 252
60 106
319 637
231 357
241 136
149 671
265 419
199 319
21 740
226 757
229 269
75 82
417 127
440 709
247 151
137 557
426 964
176 27
62 203
409 8
890 319
393 356
109 98
151 175
726 491
612 351
341 475
668 349
12 86
420 184
720 856
228 105
745 535
277 215
955 87
381 177
28 21
976 158
733 282
48 132
344 101
527 422
399 773
726 823
211 416
87 432
299 437
72 239
12 98
135 39
516 681
100 547
828 423
636 494
134 100
58 170
373 461
873 288
263 408
917 721
312 143
788 896
32 546
160 385
219 947
691 168
29 60
70 165
456 186
70 267
7 6
805 171
72 57
339 881
848 536
956 81
767 625
215 119
131 244
68 129
650 33
47 38
931 868
139 391
41 139
924 993
177 55
161 190
6 117
151 356
424 102
236 274
192 301
46 3
915 569
611 348
925 105
23 20
142 91
415 183
205 142
156 452
4 103
688 367
142 983
3 16
349 874
78 119
29 8
70 676
406 223
404 697
762 116
589 97
413 333
115 298
47 166
102 213
846 996
617 423
525 935
243 115
10 837
334 653
770 478
615 374
909 8
63 631
140 431
189 352
137 88
972 766
320 868
252 368
115 318
20 592
86 194
276 171
291 216
518 858
14 57
423 18
428 426
110 411
451 685
191 907
171 17
737 430
143 48
285 351
595 580
60 508
78 875
270 455
496 552
712 388
7 66
655 171
787 52
61 196
975 76
80 901
412 164
973 875
587 201
352 434
513 30
604 570
785 991
555 889
6 8
132 541
85 511
780 792
487 226
877 75
210 153
285 399
501 397
954 752
46 121
314 771
718 302
724 444
167 199
79 280
102 64
23 64
665 625
478 750
345 187
866 348
329 82
572 246
590 833
115 153
788 164
679 851
124 208
56 11
67 583
114 233
870 498
85 122
430 37
786 55
358 355
390 392
57 138
529 168
862 534
464 295
69 7
32 844
457 801
2 865
829 933
24 530
59 180
449 43
842 388
250 263
683 629
500 80
716 29
784 374
48 11
221 122
643 501
303 364
134 183
236 140
370 296
398 341
745 863
543 151
90 258
31 386
511 742
752 660
670 153
819 880
580 144
374 211
490 847
694 583
988 777
8 184
71 167
190 484
6 155
467 298
86 758
71 85
33 80
76 793
661 465
39 6
286 82
137 523
551 703
330 662
959 253
246 776
845 325
398 692
926 730
289 394
538 223
80 867
203 995
536 346
197 682
290 300
648 301
928 439
372 237
951 90
859 497
584 438
741 53
290 73
548 524
719 554
18 63
180 404
225 518
243 271
986 415
187 200
195 60
759 606
921 673
225 51
186 230
340 506
125 448
438 876
451 663
211 4
439 739
637 841
521 18
26 38
168 159
749 25
123 57
145 11
765 551
697 813
25 20
238 190
6 4
488 633
5 11
155 157
151 7
425 141
218 186
716 791
299 342
4 1
568 109
5 308
548 563
968 677
142 256
557 674
537 42
804 606
442 517
999 420
26 65
97 29
331 594
298 383
235 326
585 651
597 779
137 371
992 697
203 246
440 66
334 210
50 29
714 431
250 184
44 30
528 210
56 107
607 512
509 904
657 943
54 3
263 696
270 26
514 156
860 170
17 113
84 14
69 118
895 127
937 901
35 482
388 5
347 426
969 49
133 85
397 465
244 407
337 129
369 44
496 427
336 854
76 400
8 21
660 14
508 673
189 621
835 509
376 194
79 248
128 224
102 181
710 361
997 602
287 414
297 794
957 355
23 242
155 216
687 717
77 88
360 76
289 336
730 658
624 70
723 391
197 892
185 101
375 104
644 261
66 226
24 497
46 144
34 105
659 575
564 239
262 225
92 41
284 119
801 884
30 293
33 534
9 2
836 54
155 259
869 657
338 11
189 489
255 1
143 172
380 102
623 126
254 205
112 480
45 36
212 198
1 2
441 132
228 838
312 553
489 571
832 685
406 775
177 443
567 218
695 294
423 634
246 323
342 349
795 799
473 86
286 471
202 217
675 958
614 366
565 657
628 387
469 72
962 862
249 194
274 558
152 27
617 720
532 269
494 37
3 994
609 546
463 444
936 944
511 914
176 751
18 20
112 154
278 203
220 570
682 985
214 112
6 125
238 646
347 290
899 756
468 304
325 274
